867070107956125696
867136667613876226
867168233895415808
867168152031039489
867168150030356480
867168087719542784
867168058158096386
867167991137529856
867167270195179520
867167199286280192
867167162649194496
867166564142915584
867166522749329409
867166522158063619
867166450674524162
867166254926356480
867166167680647168
867165831725281280
867165773751394304
867165731758063617
867165404678017024
867165375003328512
867165128902541315
867165093775015936
867164886266195968
867164665628983296
867164549585174528
867164491183644674
867164412343459840
867164341593939969
867163838868627456
867163654269140992
867163393567870976
867163366959218689
867163071508238336
867162248317468673
867161853264371713
867161734079012864
867161696137293827
867161545033211905
867161421410426880
867161082368077824
867160819972194305
867160637599830016
867160509224824832
867160398755180545
867159907828727809
867159629725290496
867159486586388480
867159390960398336
867159347448745984
867159246525288449
867159235456577536
867158987333976065
867158968283443201
867158965930668032
867158431756636161
867158425213558784
867158126956564484
867157980420100096
867157720608239617
867157666707189761
867157656099667968
867157618128769024
867157293657341952
867157239919853568
867157162983870464
867157148073066497
867157109166747649
867156999628369921
867156997719838722
867156506202054656
867156484102254592
867156480746676224
867156460597370880
867155476701728773
867155204776636418
867155149323722755
867154870247321602
867154066941652992
867153916768768001
867153848439361536
867153707909206016
867153006101442560
867152838975246336
867152729940086784
867152193048256514
867151914261262336
867151914173161472
867151771365511168
867151687101947910
867151444599865345
867151396424097794
867151349833715712
867151346457354241
867151138524626945
867151116751994880
867150957116874753
867150939135909888
867149848822390791
867149771227578369
867149493283827714
867149415965839360
867149293941141504
867149197354516480
867149064646807552
867149045541871616
867148999480025089
867148943729217537
867148341892845573
867148326143242240
867147788450222080
867147544744390656
867147439848947712
867147431472967680
867147093592465409
867147041222348800
867146960012279808
867146866840023042
867145936983670784
867145692627836928
867145628060717056
867145625229565953
867145588416098305
867145068007665665
867145030011543552
867144828131389441
867144769587335170
867144727216390145
867144325100130306
867143839525502976
867143687058448386
867143668817375233
867143465863393280
867141545304215554
867141444376514560
867141408628584448
867140808620728320
867140797447131137
867140603641036804
867140478696869889
867139057373110273
867138000152649728
867137892526706688
867137606626140160
867137464825241602
867136992026480640
867136393025290240
867136179317207040
867135964073865216
867135753330937856
867135606240854016
867135069051334656
867134949622730752
867134711994478592
867134492762361856
867134403339853827
867134219331547136
867134002276126720
867133882046480384
867133760189411329
867133720326754305
867133362686881792
867131970320576512
867129617341132800
867129241296678912
867129125496139776
867127492284493825
867127083927031811
867125380490178565
867125284667092994
867125167352422402
867125163392946177
867124982945648643
867124907712409600
867124830088441856
867124801672011776
867124748714749953
867124679198355456
867124660164603906
867124642191945729
867124619756654596
867124570406481920
867124563968225280
867124492161740801
867124474877005825
867124460498931713
867124455687954432
867124445131005959
867124326981619712
867124275463016452
867124242818637824
867124234639638528
867124226691674113
867124186333855744
867124030255583233
867123983560450048
867123931311898624
867123911959478272
867123871820001281
867123853159530496
867123820259414018
867123818455814146
867123809194831872
867123712402837504
867123708233744386
867123695231356928
867123654861221889
867123583503544320
867123569184169984
867123548145537024
867123494265516032
867123472941666308
867123417706893313
867123396777320448
867123382969565190
867123349838856192
867123178790944769
867123178698674176
867123136327589888
867123124474531840
867123096221888512
867123024629288961
867123007474589698
867122986079277056
867122963799265281
867122921973710848
867122850007846913
867122848053297153
867122832798400512
867122788930379778
867122767962832896
867122762615279616
867122753958293507
867122735541047296
867122716599619584
867122697083420672
867122659036934144
867122649033584640
867122640137441280
867122560437284864
867122555966115841
867122529982435328
867122526790574081
867122507979075585
867122506683076609
867122464589041664
867122454778523649
867122438206881794
867122394560909316
867122393101348866
867122379700527107
867122373929172992
867122361014865924
867122355503599616
867122341792317440
867122319986221056
867122306384093185
867122301451554819
867122300964831232
867122300096831489
867122292047978497
867122247428968448
867122243083657217
867122242681016321
867122220417634304
867122219054485504
867122199781658625
867122186510905344
867122174393561090
867122162603352066
867122159268892674
867122138913886208
867122116226945024
867122091539169281
867122079929421828
867122066478288897
867122060631449601
867122034236678146
867122025118273536
867122020819009537
867121927533600768
867121910794113024
867121905958080512
867121903944712192
867121878024040448
867121835971891205
867121817823129600
867121661002362883
867121615800238081
867121608678420480
867121563371438080
867121560510976000
867121533147283459
867121440650350592
867121365261754368
867121351563382790
867121316717109250
867121314582061059
867121248874225664
867121212631199745
867121212048199680
867121177935966212
867121152057114624
867121110302830595
867121080703614976
867121029675659268
867120986855964672
867120961627320325
867120949925220353
867120936381796352
867120782903828481
867120774410371072
867120763169648640
867120734199586816
867120717426552833
867120696257896454
867120674527207425
867120612187222019
867120610815741952
867120606818557953
867120579811434496
867120544323440644
867120535091720194
867120508755693569
867120490162212864
867120471422246912
867120459292307456
867120404237778944
867120332502650880
867120251548442624
867120241171673089
867120167062564864
867120166588608514
867120138302234626
867120118244941825
867120088901668866
867120031754330113
867119995016232960
867119992294256642
867119962716082177
867119943577370628
867119894143414273
867119860756750337
867119860593025025
867119810043420677
867119807396814848
867119762408697857
867119756184350720
867119744817745921
867119668217204736
867119648977891328
867119647929360384
867119646142586880
867119625623961600
867119608116936708
867119554018893830
867119522410631168
867119452026003456
867119326234644480
867119294605381632
867119201743515648
867119183691223041
867119153236369408
867119152028413953
867119110206783491
867119035577622528
867119030808784897
867118790470979585
867118745847726081
867118680446033921
867118679342841857
867118676620849152
867118673022078976
867118651148783621
867118582026686466
867118556135215104
867118536757522432
867118507804282885
867118486761484288
867118468897832963
867118468138766337
867118415747702784
867118409586290688
867118252207505412
867118237498068992
867118227893223424
867118197627138048
867118190446481408
867118184637370369
867118176366100481
867118172255772672
867118067909709825
867118063182917632
867118059588333568
867117889073143810
867117772618309633
867117682574970881
867117551104425984
867117510423965696
867117500730929152
867117452949368833
867117435924733953
867117283285635074
867117240759484416
867117220538839043
867117209570734080
867117198929743873
867117152653934592
867117133007912960
867117115479818240
867117068663107584
867117049629351938
867116967316082688
867116953885753344
867116935032578048
867116821731831809
867116813888442369
867116758884339712
867116743529041924
867116721265668096
867116677179355136
867116676151640069
867116632941965312
867116624297545729
867116621348962305
867116593880477698
867116501341544448
867116475013877760
867116466398736384
867116441845104640
867116438686969856
867116415500902401
867116384840495109
867116374128291841
867116292389646336
867116259518930945
867116137967996928
867116132464865280
867116131320037377
867116074122260480
867115980102787072
867115976109764610
867115957508026369
867115931947999232
867115928579960834
867115890193707013
867115888939606017
867115888931033088
867115819552997377
867115793196109824
867115757926219777
867114769131679744
867111963117137920
867102781320122370
867093325278576641
867091268546985985
867086956391538688
867085650339737602
867083061447589888
867082215238369281
867080578721607680
867076314012033024
867076148471242752
867070622941278210
867061785265831937
867061503647768576
867057897355849728
867055931523084288
867053392455233537
867051946150121479
867041452735549440
867034750292283393
867033687300374530
867030860670713856
867029222363193348
867028981777825793
867024736621969410
867024663053914112
867022801210937344
867022431105495040
867021882406707202
867021706916974595
867020154433150979
867020150079410176
867019821413670912
867019459323715584
867019348057239552
867019150014767104
867019138358759425
867019090610835457
867019083463757825
867167274461003776
867167083645157376
867166973448335360
867166954905370624
867166936441864193
867166870419492864
867166836269371392
867166700491468800
867166667419209728
867166604441911296
867166456894693381
867166436367765510
867166431145865218
867166390725357568
867166349755154434
867166307803951104
867166299595714560
867166299490734080
867166219840790528
867166188660334592
867166167680647168
867165905020526592
867165816734732289
867165812892815360
867165773751394304
867165708639244289
867165513666801664
867165375003328512
867165324747079682
867165256220631041
867165180014329856
867164961583185920
867164866041311232
867133439400718336
867133362686881792
867132939552903169
867132743993483265
867131637410254849
867131572637642754
867131346669322240
867131035464732672
867130305538293769
867130227100667904
867128963512053760
867128037002948608
867127986486730755
867126570179330049
867126149356433408
867124455687954432
867123911959478272
867123871820001281
867123454352515074
867122649033584640
867162714375901184
867162381876678660
867162379582230530
867162328004935680
867162233276686338
867162210031853568
867162140750356481
867161978887847936
867161505678204929
867161314262634497
867161256440025089
867161082368077824
867161069038391297
867160978298884098
867160929804328960
867160614824808448
867160576635551744
867160377817264131
867160366576410624
867160362185089024
867160280366596097
867160784803045376
867160471639658496
867160340064325634
867160315531755520
867160309403963392
867160089878286337
867159871434612737
867159855571677184
867159479950946305
867159473063960576
867159347448745984
867159335130075137
867158893922840578
867158881524260864
867158624401072130
867158431756636161
867158425213558784
867158229255585793
867157656099667968
867157618128769024
867157293657341952
867157162983870464
867157109166747649
867156869680316416
867156695096492033
867156674984988673
867156460597370880
867156362840723458
867156159496671233
867156136268623872
867155846500896771
867155727856566273
867155722794127365
867155646193520640
867155578040320000
867085554365718528
867085499529392129
867084535992811525
867084341834391553
867083527480897537
867080156342517761
